$ANSIBLE_VAULT;1.1;AES256
31316238306338633732373263656131363332343530316363306230633730646563353062376634
3836343238653732383938616632376535373766353537300a343434386639666337376336633035
39373366653362616137333439323235393162313937613933303633306561653163646330333538
3633656564343633340a633436663733663139626336383137623938306666623630353738663064
65656236396663303239336137656263393663663464383562313537356230373536343932306463
33653363633065363766666232646365343539326661626334313436376635326566633565316635
64306134633339633336636666663738643765613237393036633461646433356564323766646539
63363363663735316661303632343437613164396162303262353630373036366664313464313338
33333765656266306633326665313332643335363335303062643337326532636536323132346136
36373934376139643433343362623166616133626530346531366437396233376331623631373730
35353538303063306239373833633030643436396365323765663062393836383630636563666166
39663030383664633361326139666231613863656339383061373362303061303265306564333730
62666238326565346266373362616161626437313334343436643063636137323262393231666132
33643963383262396134363134303835623133623030643030326539623266323462663635343162
36303965326239666161373232386530326236393431326234653365623331306333633033303964
65353537333662363264633531393731363163353766393766656333346662316131373166666132
33663764663938613134363337356164646665633166646662323930666631633939653738653963
38623864643830336362396362636536393439303137656230656335633465396364386439316366
61313164396336663832393234343632323934636362363066633433613936663539643564623437
62636436303230636633303130336366356137636635366634613137666265313539653964363162
66653838363066353337663033623164343062623834363336613233666432633063383133383162
65353133346661613863363365333330633135373562643335623733623834356239366439336135
66383238383232383239376531323962363437623566336638333338383363386631626434303232
31666438376464643937373736353663643261653933366435396362643064333663613430346138
34643836306336303833303437323934623065633237343665366634616561613535
