$ANSIBLE_VAULT;1.1;AES256
35653531383766323732373730313530636238383936323165383731636438303066356163313465
3063393439616164306639373632306662363336663731370a643737663135336561663039303830
65303335363831623731353462663462353835346132623365356633343136636130326138386138
3332613464363731310a383236373232323138613534333335666166616537306237323862346566
61626631363965616232373932626431356462653066633764323736393963643839616439653562
39663832663734373066613361346462313662356538303230303034346630373364643163316566
39663762326430303036346639656535316132613461343335313163666361313734326235666662
32373834633365663831663861613433633163383935623634343834383761316137373763386330
36633937303732363232313766343931363534393030376463343330333530323365303138643163
65303866303832663830363863383061393661376339333133643035653630323266306431383530
65303262353865646339383132393333643230343531313738653938653737636462363531343934
37336531616461366465333562646539626138663832323064373239396638316334623235333430
66306633613131623564383331326437663566653066383438333862333436313064353537316639
30613636663638356266663131646363366163313863656435663466346363636465376637396535
32323361613239663038373334303831643264643737313938666335636364616664356637343764
37626235386430373638396639653939316437316433636464386333303231376164653334343438
35653735313731383961356364623134313462616337383031373439646661396433373833666137
63303132643533303964386639653634353531316538656131336561363161353231613237353463
34623432653838306263346561396666383265303361616638333865333266633735663231393639
34326133653338313337363733363635316132323834383037363839653361653435326363313465
63663438663135346137643238393834326663363666663233626630613731323561336536336131
61663462613830366665353232633831663063666464666166323238653038336264633137346433
62346562353465346264653339653766343536383761633335356262666132633435326662393730
34663333383330353936616637663536366662633263623536616237383930656661663161326432
33616239363732623737343137376334653664346364646565333663646362633061
